1743766030.1630855 | 1743766030.202882 | 0.03979659080505371
1743766030.2029233 | 1743766030.2160327 | 0.013109445571899414
1743766030.216068 | 1743766030.2282462 | 0.012178182601928711
1743766030.2282825 | 1743766030.2406046 | 0.012322187423706055
1743766030.2406309 | 1743766030.2528522 | 0.012221336364746094
1743766030.252879 | 1743766030.265088 | 0.012209177017211914
1743766030.2651136 | 1743766030.277744 | 0.012630462646484375
1743766030.2777784 | 1743766030.2901657 | 0.012387275695800781
1743766030.290202 | 1743766030.3029387 | 0.012736797332763672
1743766030.3029706 | 1743766030.3154562 | 0.012485504150390625
1743766030.3154893 | 1743766030.3281672 | 0.012677907943725586
1743766030.3281991 | 1743766030.3407347 | 0.012535572052001953
1743766030.340766 | 1743766030.3533216 | 0.012555599212646484
1743766030.3533523 | 1743766030.3660088 | 0.012656450271606445
1743766030.3660414 | 1743766030.3782985 | 0.012257099151611328
1743766030.3783314 | 1743766030.3907285 | 0.012397050857543945
1743766030.390783 | 1743766030.4038641 | 0.013081073760986328
1743766030.403949 | 1743766030.4171255 | 0.013176441192626953
1743766030.4172132 | 1743766030.4303286 | 0.013115406036376953
1743766030.4303684 | 1743766030.4427829 | 0.01241445541381836
1743766030.442816 | 1743766030.455197 | 0.01238107681274414
1743766030.4552343 | 1743766030.467682 | 0.012447595596313477
1743766030.467724 | 1743766030.4800372 | 0.012313127517700195
1743766030.480074 | 1743766030.4926243 | 0.01255035400390625
1743766030.492661 | 1743766030.504911 | 0.012249946594238281
1743766030.5049467 | 1743766030.5172632 | 0.012316465377807617
1743766030.5172987 | 1743766030.529833 | 0.012534379959106445
1743766030.529867 | 1743766030.5424156 | 0.012548685073852539
1743766030.5424483 | 1743766030.5553706 | 0.012922286987304688
1743766030.5554519 | 1743766030.5682855 | 0.012833595275878906
1743766030.5683665 | 1743766030.581406 | 0.013039588928222656
1743766030.581516 | 1743766030.5947955 | 0.013279438018798828
1743766030.5948944 | 1743766030.607838 | 0.012943506240844727
1743766030.6079235 | 1743766030.6210651 | 0.013141632080078125
1743766030.6211762 | 1743766030.634332 | 0.013155698776245117
1743766030.6344275 | 1743766030.647812 | 0.013384342193603516
1743766030.6479156 | 1743766030.6611807 | 0.013265132904052734
1743766030.6612833 | 1743766030.6746032 | 0.013319969177246094
1743766030.6746976 | 1743766030.6880693 | 0.013371706008911133
1743766030.688162 | 1743766030.7012107 | 0.013048648834228516
1743766030.7013085 | 1743766030.7144217 | 0.013113260269165039
1743766030.7145178 | 1743766030.727738 | 0.013220071792602539
1743766030.72783 | 1743766030.740806 | 0.01297616958618164
1743766030.740845 | 1743766030.7535205 | 0.01267552375793457
1743766030.7535815 | 1743766030.7661126 | 0.012531042098999023
1743766030.7661548 | 1743766030.778442 | 0.012287139892578125
1743766030.778479 | 1743766030.7908905 | 0.012411355972290039
1743766030.790928 | 1743766030.8034744 | 0.012546539306640625
1743766030.8035066 | 1743766030.8161566 | 0.012650012969970703
1743766030.8161871 | 1743766030.8286502 | 0.012463092803955078
1743766030.8286815 | 1743766030.840906 | 0.012224435806274414
1743766030.840937 | 1743766030.853353 | 0.01241612434387207
1743766030.8533845 | 1743766030.8656805 | 0.012295961380004883
1743766030.8657124 | 1743766030.878081 | 0.01236867904663086
1743766030.8781152 | 1743766030.8904252 | 0.012310028076171875
1743766030.8904617 | 1743766030.902741 | 0.012279272079467773
1743766030.9027717 | 1743766030.915109 | 0.012337207794189453
1743766030.9151435 | 1743766030.928352 | 0.013208627700805664
1743766030.9284444 | 1743766030.9419608 | 0.013516426086425781
1743766030.942049 | 1743766030.9550178 | 0.012968778610229492
1743766030.955106 | 1743766030.9681206 | 0.013014554977416992
1743766030.968217 | 1743766030.9814188 | 0.01320195198059082
1743766030.9815102 | 1743766030.9946828 | 0.013172626495361328
1743766030.9947731 | 1743766031.00807 | 0.013296842575073242
1743766031.0081604 | 1743766031.0212932 | 0.013132810592651367
1743766031.0213864 | 1743766031.0357308 | 0.014344453811645508
1743766031.0358443 | 1743766031.0494878 | 0.013643503189086914
1743766031.0495882 | 1743766031.063517 | 0.013928890228271484
1743766031.0636222 | 1743766031.0772624 | 0.013640165328979492
1743766031.0773833 | 1743766031.0906477 | 0.01326441764831543
1743766031.0907538 | 1743766031.1040642 | 0.013310432434082031
1743766031.1041543 | 1743766031.1173632 | 0.013208866119384766
1743766031.117451 | 1743766031.1305237 | 0.013072729110717773
1743766031.1306121 | 1743766031.1442182 | 0.013606071472167969
1743766031.144352 | 1743766031.1575823 | 0.013230323791503906
1743766031.1577232 | 1743766031.17052 | 0.012796878814697266
1743766031.170554 | 1743766031.1833313 | 0.012777328491210938
1743766031.183426 | 1743766031.1965237 | 0.013097763061523438
1743766031.196624 | 1743766031.2101097 | 0.01348567008972168
1743766031.2102008 | 1743766031.2233644 | 0.013163566589355469
1743766031.2234647 | 1743766031.236851 | 0.013386249542236328
1743766031.2369726 | 1743766031.250465 | 0.013492345809936523
1743766031.2505689 | 1743766031.2635722 | 0.013003349304199219
1743766031.2636683 | 1743766031.276743 | 0.013074636459350586
1743766031.2768369 | 1743766031.2899745 | 0.013137578964233398
1743766031.2900834 | 1743766031.303062 | 0.012978553771972656
1743766031.303168 | 1743766031.3162918 | 0.013123750686645508
1743766031.316384 | 1743766031.3295019 | 0.013117790222167969
1743766031.3295918 | 1743766031.3429089 | 0.013317108154296875
1743766031.3430016 | 1743766031.3564851 | 0.013483524322509766
1743766031.3566208 | 1743766031.370141 | 0.013520240783691406
1743766031.370218 | 1743766031.3828754 | 0.012657403945922852
1743766031.3829148 | 1743766031.3953273 | 0.012412548065185547
1743766031.3953931 | 1743766031.4082246 | 0.012831449508666992
1743766031.4082856 | 1743766031.4210413 | 0.012755632400512695
1743766031.421135 | 1743766031.4343557 | 0.013220787048339844
1743766031.4344707 | 1743766031.448 | 0.013529300689697266
1743766031.4481049 | 1743766031.4613655 | 0.013260602951049805
1743766031.4614637 | 1743766031.4748707 | 0.013406991958618164
1743766031.4749644 | 1743766031.4882274 | 0.01326298713684082
1743766031.488323 | 1743766031.5014486 | 0.01312565803527832
1743766031.5015516 | 1743766031.5147476 | 0.013195991516113281
1743766031.514842 | 1743766031.5279355 | 0.01309347152709961
1743766031.528032 | 1743766031.5412054 | 0.013173341751098633
1743766031.5413034 | 1743766031.5543532 | 0.013049840927124023
1743766031.5544815 | 1743766031.5674095 | 0.012928009033203125
1743766031.5675027 | 1743766031.580726 | 0.01322317123413086
1743766031.5808167 | 1743766031.5941222 | 0.013305425643920898
1743766031.5942209 | 1743766031.6077166 | 0.013495683670043945
1743766031.6078503 | 1743766031.6213555 | 0.013505220413208008
1743766031.6214814 | 1743766031.634935 | 0.013453483581542969
1743766031.6350586 | 1743766031.6482975 | 0.013238906860351562
1743766031.6484346 | 1743766031.6614623 | 0.013027667999267578
1743766031.6615574 | 1743766031.6753194 | 0.01376199722290039
1743766031.6754239 | 1743766031.6886127 | 0.013188838958740234
1743766031.6887224 | 1743766031.7018828 | 0.013160467147827148
1743766031.7019753 | 1743766031.715066 | 0.01309061050415039
1743766031.7151492 | 1743766031.7283342 | 0.01318502426147461
1743766031.728421 | 1743766031.7416105 | 0.013189554214477539
1743766031.741736 | 1743766031.7547483 | 0.013012409210205078
1743766031.7548363 | 1743766031.7678297 | 0.012993335723876953
1743766031.767869 | 1743766031.7802303 | 0.012361288070678711
1743766031.7802613 | 1743766031.792462 | 0.01220083236694336
1743766031.7924898 | 1743766031.8048525 | 0.01236271858215332
1743766031.8048868 | 1743766031.8171213 | 0.01223444938659668
1743766031.8171525 | 1743766031.8292801 | 0.01212763786315918
1743766031.8293092 | 1743766031.841607 | 0.012297868728637695
1743766031.841637 | 1743766031.854114 | 0.01247715950012207
1743766031.8541517 | 1743766031.8666966 | 0.012544870376586914
1743766031.8667293 | 1743766031.8789768 | 0.012247562408447266
1743766031.879005 | 1743766031.8913076 | 0.012302637100219727
1743766031.8913372 | 1743766031.9035852 | 0.012248039245605469
1743766031.9036117 | 1743766031.915747 | 0.01213526725769043
1743766031.9157763 | 1743766031.928296 | 0.01251983642578125
1743766031.9283254 | 1743766031.9405496 | 0.012224197387695312
1743766031.9405868 | 1743766031.9528139 | 0.012227058410644531
1743766031.9528494 | 1743766031.9652276 | 0.012378215789794922
1743766031.965259 | 1743766031.9778905 | 0.012631416320800781
1743766031.977918 | 1743766031.9903386 | 0.012420654296875
1743766031.9903665 | 1743766032.0026777 | 0.012311220169067383
1743766032.002707 | 1743766032.0149755 | 0.012268543243408203
1743766032.0150015 | 1743766032.0275664 | 0.012564897537231445
1743766032.0275948 | 1743766032.0405755 | 0.01298069953918457
1743766032.0406127 | 1743766032.053684 | 0.013071298599243164
1743766032.053721 | 1743766032.0663824 | 0.012661457061767578
1743766032.0664146 | 1743766032.0790746 | 0.012660026550292969
1743766032.079109 | 1743766032.092095 | 0.012985944747924805
1743766032.0921843 | 1743766032.1051877 | 0.013003349304199219
1743766032.1052766 | 1743766032.118676 | 0.013399362564086914
1743766032.1187742 | 1743766032.1317937 | 0.013019561767578125
1743766032.1319263 | 1743766032.1461053 | 0.014178991317749023
1743766032.1462314 | 1743766032.1597588 | 0.013527393341064453
1743766032.1598797 | 1743766032.172762 | 0.012882232666015625
1743766032.1728048 | 1743766032.1855311 | 0.012726306915283203
1743766032.1855726 | 1743766032.1986272 | 0.013054609298706055
1743766032.1987152 | 1743766032.2118025 | 0.013087272644042969
1743766032.2118893 | 1743766032.2250426 | 0.013153314590454102
1743766032.2251308 | 1743766032.2388446 | 0.013713836669921875
1743766032.2389312 | 1743766032.2524085 | 0.013477325439453125
1743766032.252494 | 1743766032.265551 | 0.01305699348449707
1743766032.26564 | 1743766032.2788126 | 0.013172626495361328
1743766032.2789063 | 1743766032.292062 | 0.013155698776245117
1743766032.2921493 | 1743766032.305109 | 0.012959718704223633
1743766032.305196 | 1743766032.318439 | 0.013242959976196289
1743766032.3185225 | 1743766032.3311908 | 0.012668371200561523
1743766032.3312163 | 1743766032.3434944 | 0.012278079986572266
1743766032.34352 | 1743766032.35626 | 0.012740135192871094
1743766032.3562832 | 1743766032.3689299 | 0.012646675109863281
1743766032.368956 | 1743766032.3822956 | 0.013339519500732422
1743766032.3823805 | 1743766032.3953314 | 0.012950897216796875
1743766032.3954473 | 1743766032.4084594 | 0.013012170791625977
1743766032.4085872 | 1743766032.4219887 | 0.013401508331298828
1743766032.4220774 | 1743766032.4352696 | 0.013192176818847656
1743766032.4353929 | 1743766032.4487097 | 0.013316869735717773
1743766032.4488053 | 1743766032.4619799 | 0.01317453384399414
1743766032.4620671 | 1743766032.475094 | 0.013026952743530273
1743766032.4751801 | 1743766032.4883769 | 0.013196706771850586
1743766032.4884737 | 1743766032.5018628 | 0.013389110565185547
1743766032.501972 | 1743766032.5155346 | 0.013562679290771484
1743766032.515621 | 1743766032.5287685 | 0.013147592544555664
1743766032.5288594 | 1743766032.5420883 | 0.013228893280029297
1743766032.5421765 | 1743766032.5554903 | 0.013313770294189453
1743766032.55558 | 1743766032.5686274 | 0.013047456741333008
1743766032.5687194 | 1743766032.5820632 | 0.01334381103515625
1743766032.5821612 | 1743766032.595091 | 0.012929916381835938
1743766032.595188 | 1743766032.6083627 | 0.013174772262573242
1743766032.6084797 | 1743766032.62148 | 0.013000249862670898
1743766032.6215649 | 1743766032.634822 | 0.013257026672363281
1743766032.634909 | 1743766032.6482387 | 0.013329744338989258
1743766032.6483366 | 1743766032.6615677 | 0.013231039047241211
1743766032.6616678 | 1743766032.6749992 | 0.013331413269042969
1743766032.675086 | 1743766032.688465 | 0.013379096984863281
1743766032.6885777 | 1743766032.701816 | 0.01323843002319336
1743766032.7019036 | 1743766032.715344 | 0.013440370559692383
1743766032.7154257 | 1743766032.728538 | 0.013112306594848633
1743766032.7286203 | 1743766032.741669 | 0.013048648834228516
1743766032.7417853 | 1743766032.7551713 | 0.013386011123657227
1743766032.7552612 | 1743766032.7683718 | 0.013110637664794922
1743766032.7684112 | 1743766032.7811446 | 0.01273345947265625
1743766032.7811801 | 1743766032.7936456 | 0.012465476989746094
1743766032.7936964 | 1743766032.806055 | 0.012358665466308594
1743766032.8060875 | 1743766032.8187222 | 0.012634754180908203
1743766032.8187501 | 1743766032.8312762 | 0.01252603530883789
1743766032.8313587 | 1743766032.8446076 | 0.013248920440673828
1743766032.8446891 | 1743766032.8577607 | 0.013071537017822266
1743766032.8578467 | 1743766032.8708231 | 0.012976408004760742
1743766032.8709064 | 1743766032.8843532 | 0.013446807861328125
1743766032.8844383 | 1743766032.8977728 | 0.013334512710571289
1743766032.8978593 | 1743766032.911356 | 0.013496637344360352
1743766032.9114401 | 1743766032.924389 | 0.012948751449584961
1743766032.9244335 | 1743766032.9369051 | 0.012471675872802734
1743766032.936949 | 1743766032.9496367 | 0.01268768310546875
1743766032.9496877 | 1743766032.9620564 | 0.01236867904663086
1743766032.962086 | 1743766032.974671 | 0.012584924697875977
1743766032.9746985 | 1743766032.9870646 | 0.012366056442260742
1743766032.987094 | 1743766032.999307 | 0.012212991714477539
1743766032.999333 | 1743766033.0117018 | 0.012368917465209961
1743766033.0117285 | 1743766033.0243208 | 0.012592315673828125
1743766033.0243475 | 1743766033.0369856 | 0.012638092041015625
1743766033.037015 | 1743766033.0495305 | 0.012515544891357422
1743766033.0495753 | 1743766033.0627487 | 0.013173341751098633
1743766033.0627785 | 1743766033.0756838 | 0.012905359268188477
1743766033.075711 | 1743766033.0884662 | 0.012755155563354492
1743766033.0885005 | 1743766033.1013324 | 0.012831926345825195
1743766033.1013584 | 1743766033.1136153 | 0.012256860733032227
1743766033.1136405 | 1743766033.1261208 | 0.01248025894165039
1743766033.126207 | 1743766033.1393445 | 0.013137340545654297
1743766033.139438 | 1743766033.1528027 | 0.013364791870117188
1743766033.1528873 | 1743766033.1664023 | 0.013514995574951172
1743766033.166471 | 1743766033.1793702 | 0.012899160385131836
1743766033.1794355 | 1743766033.19219 | 0.012754440307617188
1743766033.1922414 | 1743766033.2048934 | 0.012651920318603516
1743766033.2049193 | 1743766033.217206 | 0.012286663055419922
1743766033.2172325 | 1743766033.2299068 | 0.012674331665039062
1743766033.229958 | 1743766033.2428164 | 0.012858390808105469
1743766033.2429016 | 1743766033.2559452 | 0.013043642044067383
1743766033.2560306 | 1743766033.2693524 | 0.013321876525878906
1743766033.2694414 | 1743766033.2827976 | 0.013356208801269531
1743766033.282884 | 1743766033.2960808 | 0.013196945190429688
1743766033.2961729 | 1743766033.3092463 | 0.013073444366455078
1743766033.3093374 | 1743766033.322413 | 0.013075590133666992
1743766033.3224409 | 1743766033.3350124 | 0.012571573257446289
1743766033.3350356 | 1743766033.3475583 | 0.012522697448730469
1743766033.3476436 | 1743766033.361238 | 0.013594388961791992
1743766033.3613405 | 1743766033.3749735 | 0.013633012771606445
1743766033.3751554 | 1743766033.3883798 | 0.013224363327026367
1743766033.3884664 | 1743766033.4011505 | 0.012684106826782227
1743766033.4011943 | 1743766033.4137223 | 0.012527942657470703
1743766033.4137583 | 1743766033.426131 | 0.012372732162475586
1743766033.4261672 | 1743766033.4385374 | 0.012370109558105469
1743766033.4385772 | 1743766033.450973 | 0.012395858764648438
1743766033.4510016 | 1743766033.4634256 | 0.012423992156982422
1743766033.463454 | 1743766033.4756227 | 0.012168645858764648
1743766033.4756477 | 1743766033.4880302 | 0.01238250732421875
1743766033.488057 | 1743766033.50024 | 0.012183189392089844
1743766033.5002847 | 1743766033.5126233 | 0.012338638305664062
1743766033.5126607 | 1743766033.5251555 | 0.012494802474975586
1743766033.5252001 | 1743766033.5378735 | 0.012673377990722656
1743766033.5379128 | 1743766033.5504673 | 0.012554407119750977
1743766033.5505204 | 1743766033.5629396 | 0.01241922378540039
1743766033.5629804 | 1743766033.5754395 | 0.012459039688110352
1743766033.5754957 | 1743766033.588254 | 0.012758255004882812
1743766033.5883088 | 1743766033.6008098 | 0.012501001358032227
1743766033.600864 | 1743766033.613711 | 0.012847185134887695
1743766033.613771 | 1743766033.6266205 | 0.012849569320678711
1743766033.6267068 | 1743766033.6398046 | 0.013097763061523438
1743766033.6398919 | 1743766033.653239 | 0.013347148895263672
1743766033.6533256 | 1743766033.6669145 | 0.013588905334472656
1743766033.6669998 | 1743766033.6802208 | 0.013221025466918945
1743766033.6803272 | 1743766033.6934118 | 0.013084650039672852
1743766033.6935048 | 1743766033.7067034 | 0.013198614120483398
1743766033.7068095 | 1743766033.7201252 | 0.013315677642822266
1743766033.7202508 | 1743766033.7334507 | 0.013199806213378906
1743766033.7335417 | 1743766033.746701 | 0.01315927505493164
1743766033.7467906 | 1743766033.7598236 | 0.013032913208007812
1743766033.7599108 | 1743766033.772979 | 0.013068199157714844
1743766033.7730684 | 1743766033.7865329 | 0.01346445083618164
1743766033.7866232 | 1743766033.799755 | 0.013131856918334961
1743766033.7998476 | 1743766033.8130045 | 0.013156890869140625
1743766033.8130972 | 1743766033.8262663 | 0.013169050216674805
1743766033.8263655 | 1743766033.8394806 | 0.013115167617797852
1743766033.8395905 | 1743766033.8530564 | 0.01346588134765625
1743766033.8531814 | 1743766033.8662322 | 0.01305079460144043
1743766033.8663356 | 1743766033.879709 | 0.013373374938964844
1743766033.8798099 | 1743766033.893004 | 0.013194084167480469
1743766033.8931475 | 1743766033.9062524 | 0.013104915618896484
1743766033.9063547 | 1743766033.920005 | 0.01365041732788086
1743766033.9201372 | 1743766033.9339716 | 0.013834476470947266
1743766033.93413 | 1743766033.947684 | 0.013554096221923828
1743766033.9477394 | 1743766033.9601998 | 0.012460470199584961
1743766033.9602492 | 1743766033.972839 | 0.01258993148803711
1743766033.9728813 | 1743766033.9854188 | 0.012537479400634766
1743766033.9854658 | 1743766033.9977026 | 0.012236833572387695
1743766033.9977365 | 1743766034.0101452 | 0.012408733367919922
1743766034.010178 | 1743766034.022554 | 0.012375831604003906
1743766034.022587 | 1743766034.0348248 | 0.012237787246704102
1743766034.0348573 | 1743766034.0474586 | 0.012601375579833984
1743766034.047495 | 1743766034.06 | 0.012505054473876953
1743766034.0600333 | 1743766034.073246 | 0.01321268081665039
1743766034.073289 | 1743766034.0861187 | 0.012829780578613281
1743766034.0861545 | 1743766034.098866 | 0.012711524963378906
1743766034.0988982 | 1743766034.11195 | 0.013051748275756836
1743766034.1120756 | 1743766034.1251528 | 0.013077259063720703
1743766034.1252627 | 1743766034.1389863 | 0.013723611831665039
1743766034.1391363 | 1743766034.1525266 | 0.013390302658081055
1743766034.1526613 | 1743766034.1658857 | 0.013224363327026367
1743766034.1659791 | 1743766034.179142 | 0.013162851333618164
1743766034.179221 | 1743766034.1924443 | 0.013223409652709961
1743766034.1925368 | 1743766034.2055957 | 0.013058900833129883
1743766034.205664 | 1743766034.2186925 | 0.013028621673583984
1743766034.218778 | 1743766034.2319484 | 0.013170480728149414
1743766034.2320197 | 1743766034.244976 | 0.012956380844116211
1743766034.2450602 | 1743766034.2576554 | 0.012595176696777344
1743766034.257744 | 1743766034.2703958 | 0.012651681900024414
1743766034.270467 | 1743766034.2830367 | 0.012569665908813477
1743766034.2830975 | 1743766034.2955973 | 0.012499809265136719
1743766034.2956493 | 1743766034.3083591 | 0.012709856033325195
1743766034.3083968 | 1743766034.3209167 | 0.01251983642578125
1743766034.3209536 | 1743766034.3334777 | 0.012524127960205078
1743766034.3335192 | 1743766034.3459277 | 0.01240849494934082
1743766034.3459775 | 1743766034.3586023 | 0.012624740600585938
1743766034.358645 | 1743766034.371273 | 0.01262807846069336
1743766034.3713264 | 1743766034.3838034 | 0.012476921081542969
1743766034.3838494 | 1743766034.3963752 | 0.012525796890258789
1743766034.3964062 | 1743766034.408618 | 0.012211799621582031
1743766034.4086585 | 1743766034.420949 | 0.012290477752685547
1743766034.420981 | 1743766034.4333448 | 0.012363910675048828
1743766034.4333742 | 1743766034.446009 | 0.012634754180908203
1743766034.446067 | 1743766034.4587028 | 0.01263570785522461
1743766034.4587605 | 1743766034.4712863 | 0.012525796890258789
1743766034.4713407 | 1743766034.4839473 | 0.012606620788574219
1743766034.4840057 | 1743766034.4977906 | 0.01378488540649414
1743766034.4978855 | 1743766034.5108936 | 0.01300811767578125
1743766034.5109787 | 1743766034.5240877 | 0.013108968734741211
1743766034.5241716 | 1743766034.5370533 | 0.012881755828857422
1743766034.537146 | 1743766034.550194 | 0.013047933578491211
1743766034.5502825 | 1743766034.5636885 | 0.013406038284301758
1743766034.563781 | 1743766034.5770292 | 0.013248205184936523
1743766034.5771224 | 1743766034.5904164 | 0.013293981552124023
1743766034.5905077 | 1743766034.604286 | 0.013778209686279297
1743766034.604376 | 1743766034.617532 | 0.013155937194824219
1743766034.6176217 | 1743766034.6308122 | 0.013190507888793945
1743766034.6308966 | 1743766034.6438441 | 0.012947559356689453
1743766034.6439316 | 1743766034.657038 | 0.013106346130371094
1743766034.6571312 | 1743766034.6702013 | 0.013070106506347656
1743766034.670294 | 1743766034.6831465 | 0.01285243034362793
1743766034.6832323 | 1743766034.6962612 | 0.013028860092163086
1743766034.6963499 | 1743766034.709455 | 0.013105154037475586
1743766034.709555 | 1743766034.7228334 | 0.013278484344482422
1743766034.7229233 | 1743766034.7359164 | 0.012993097305297852
1743766034.7360022 | 1743766034.748957 | 0.0129547119140625
1743766034.7490497 | 1743766034.7623045 | 0.013254880905151367
1743766034.7623894 | 1743766034.7753215 | 0.012932062149047852
1743766034.7754161 | 1743766034.7886467 | 0.013230562210083008
1743766034.7887335 | 1743766034.8017771 | 0.013043642044067383
1743766034.801864 | 1743766034.8149498 | 0.01308584213256836
1743766034.8150394 | 1743766034.8282547 | 0.013215303421020508
1743766034.8283408 | 1743766034.8413715 | 0.013030767440795898
1743766034.8414578 | 1743766034.854538 | 0.013080120086669922
1743766034.854625 | 1743766034.8675535 | 0.012928485870361328
1743766034.867639 | 1743766034.8806396 | 0.01300048828125
1743766034.8807256 | 1743766034.8938901 | 0.013164520263671875
1743766034.8939784 | 1743766034.906941 | 0.012962579727172852
1743766034.9070284 | 1743766034.9200945 | 0.01306605339050293
1743766034.9201818 | 1743766034.9327526 | 0.012570858001708984
1743766034.932783 | 1743766034.9453645 | 0.012581586837768555
1743766034.9454691 | 1743766034.9588852 | 0.013416051864624023
1743766034.958987 | 1743766034.9722145 | 0.013227462768554688
1743766034.972311 | 1743766034.985438 | 0.01312708854675293
1743766034.9855294 | 1743766034.9986491 | 0.013119697570800781
1743766034.9987402 | 1743766035.011754 | 0.013013839721679688
1743766035.0118444 | 1743766035.0253758 | 0.01353144645690918
1743766035.0254667 | 1743766035.0385904 | 0.013123750686645508
1743766035.0387263 | 1743766035.0520432 | 0.013316869735717773
1743766035.0521834 | 1743766035.0652084 | 0.013025045394897461
1743766035.0653121 | 1743766035.0784478 | 0.013135671615600586
1743766035.078543 | 1743766035.0930834 | 0.014540433883666992
1743766035.0931811 | 1743766035.1068594 | 0.013678312301635742
1743766035.1069498 | 1743766035.1204958 | 0.013545989990234375
1743766035.120588 | 1743766035.1338434 | 0.01325535774230957
1743766035.1339486 | 1743766035.147314 | 0.013365507125854492
1743766035.147433 | 1743766035.1610715 | 0.013638496398925781
1743766035.1611702 | 1743766035.1740084 | 0.012838125228881836
1743766035.1740465 | 1743766035.1866627 | 0.012616157531738281
1743766035.1867175 | 1743766035.199183 | 0.012465476989746094
1743766035.1992157 | 1743766035.211675 | 0.012459278106689453
1743766035.2117064 | 1743766035.2242398 | 0.012533426284790039
1743766035.2242732 | 1743766035.2369833 | 0.012710094451904297
1743766035.2370145 | 1743766035.2495983 | 0.012583732604980469
1743766035.249627 | 1743766035.2618754 | 0.01224827766418457
1743766035.2619066 | 1743766035.2742217 | 0.012315034866333008
1743766035.274252 | 1743766035.2868202 | 0.012568235397338867
1743766035.2868526 | 1743766035.2991302 | 0.012277603149414062
1743766035.2991621 | 1743766035.3115606 | 0.012398481369018555
1743766035.31159 | 1743766035.3238134 | 0.012223482131958008
1743766035.3238375 | 1743766035.336022 | 0.012184381484985352
1743766035.336051 | 1743766035.348298 | 0.012247085571289062
1743766035.3483396 | 1743766035.3610141 | 0.012674570083618164
1743766035.3610456 | 1743766035.3735147 | 0.012469053268432617
1743766035.3735495 | 1743766035.38614 | 0.012590646743774414
1743766035.3862424 | 1743766035.3991182 | 0.012875795364379883
1743766035.3991976 | 1743766035.412134 | 0.01293635368347168
1743766035.4121895 | 1743766035.4248936 | 0.012704133987426758
1743766035.4249551 | 1743766035.4380338 | 0.013078689575195312
1743766035.438109 | 1743766035.4508424 | 0.01273345947265625
1743766035.450919 | 1743766035.4636219 | 0.01270294189453125
1743766035.4636934 | 1743766035.476554 | 0.012860536575317383
1743766035.4765968 | 1743766035.4891977 | 0.012600898742675781
1743766035.4892492 | 1743766035.5017638 | 0.012514591217041016
1743766035.5017993 | 1743766035.5140965 | 0.01229715347290039
1743766035.514125 | 1743766035.5263803 | 0.012255191802978516
1743766035.526406 | 1743766035.5389621 | 0.012556076049804688
1743766035.5389984 | 1743766035.5511956 | 0.012197256088256836
1743766035.5512285 | 1743766035.563847 | 0.012618541717529297
1743766035.5638723 | 1743766035.5761456 | 0.012273311614990234
1743766035.57617 | 1743766035.5883236 | 0.01215362548828125
1743766035.5883503 | 1743766035.6009262 | 0.012575864791870117
1743766035.6009703 | 1743766035.6135044 | 0.012534141540527344
1743766035.6135335 | 1743766035.6259124 | 0.012378931045532227
1743766035.625939 | 1743766035.6388083 | 0.01286935806274414
1743766035.638903 | 1743766035.6522484 | 0.013345479965209961
1743766035.6523476 | 1743766035.6658297 | 0.013482093811035156
1743766035.6659193 | 1743766035.6788867 | 0.012967348098754883
1743766035.6789742 | 1743766035.6921995 | 0.013225317001342773
1743766035.6922994 | 1743766035.7052705 | 0.012971162796020508
1743766035.7053692 | 1743766035.718435 | 0.013065814971923828
1743766035.7185287 | 1743766035.731617 | 0.013088226318359375
1743766035.7316997 | 1743766035.74446 | 0.012760400772094727
1743766035.7445145 | 1743766035.757313 | 0.012798547744750977
1743766035.7573688 | 1743766035.7699695 | 0.01260066032409668
1743766035.7700245 | 1743766035.7826364 | 0.012611865997314453
1743766035.7826881 | 1743766035.7956069 | 0.012918710708618164
1743766035.7956994 | 1743766035.8086755 | 0.01297616958618164
1743766035.808764 | 1743766035.821921 | 0.013157129287719727
1743766035.822011 | 1743766035.8355548 | 0.013543844223022461
1743766035.8356419 | 1743766035.8488717 | 0.013229846954345703
1743766035.848961 | 1743766035.8622348 | 0.01327371597290039
1743766035.8623245 | 1743766035.8756835 | 0.01335906982421875
1743766035.875772 | 1743766035.8890584 | 0.013286352157592773
1743766035.889146 | 1743766035.9023018 | 0.013155698776245117
1743766035.9023936 | 1743766035.915589 | 0.013195514678955078
1743766035.9156785 | 1743766035.92899 | 0.013311386108398438
1743766035.9290824 | 1743766035.942163 | 0.013080596923828125
1743766035.9422512 | 1743766035.9555173 | 0.01326608657836914
1743766035.9556184 | 1743766035.9686978 | 0.013079404830932617
1743766035.968789 | 1743766035.9817498 | 0.012960672378540039
1743766035.981841 | 1743766035.995071 | 0.013229846954345703
1743766035.9951627 | 1743766036.008236 | 0.013073205947875977
1743766036.008325 | 1743766036.0213556 | 0.013030529022216797
1743766036.0214434 | 1743766036.0345392 | 0.013095855712890625
1743766036.0346386 | 1743766036.047866 | 0.013227462768554688
1743766036.0479667 | 1743766036.0614145 | 0.013447761535644531
1743766036.0615063 | 1743766036.0747414 | 0.013235092163085938
1743766036.0748694 | 1743766036.088136 | 0.013266563415527344
1743766036.0882306 | 1743766036.1024609 | 0.01423025131225586
1743766036.102551 | 1743766036.1159537 | 0.013402700424194336
1743766036.116044 | 1743766036.1293657 | 0.013321638107299805
1743766036.1294615 | 1743766036.1428273 | 0.013365745544433594
1743766036.14292 | 1743766036.1561089 | 0.013188838958740234
1743766036.156201 | 1743766036.1692874 | 0.013086557388305664
1743766036.1693769 | 1743766036.1824622 | 0.013085365295410156
1743766036.182558 | 1743766036.1957693 | 0.013211250305175781
1743766036.1958613 | 1743766036.2089887 | 0.013127326965332031
1743766036.209077 | 1743766036.2223015 | 0.013224601745605469
1743766036.2223947 | 1743766036.2355196 | 0.013124942779541016
1743766036.2356725 | 1743766036.248691 | 0.013018608093261719
1743766036.248783 | 1743766036.261761 | 0.012977838516235352
1743766036.2618504 | 1743766036.2749844 | 0.013134002685546875
1743766036.275073 | 1743766036.2882614 | 0.013188362121582031
1743766036.28835 | 1743766036.301394 | 0.013043880462646484
1743766036.3014975 | 1743766036.3145025 | 0.01300501823425293
1743766036.3145888 | 1743766036.3271873 | 0.012598514556884766
1743766036.3272095 | 1743766036.3393757 | 0.012166261672973633
1743766036.3394008 | 1743766036.3517988 | 0.012398004531860352
1743766036.351825 | 1743766036.3641808 | 0.012355804443359375
1743766036.3642046 | 1743766036.3763325 | 0.012127876281738281
1743766036.3763685 | 1743766036.3884437 | 0.012075185775756836
1743766036.3884687 | 1743766036.4008534 | 0.012384653091430664
1743766036.4008787 | 1743766036.413212 | 0.012333393096923828
1743766036.4132364 | 1743766036.4255273 | 0.01229095458984375
1743766036.4255507 | 1743766036.4380548 | 0.012504100799560547
1743766036.4381478 | 1743766036.45119 | 0.013042211532592773
1743766036.4512863 | 1743766036.4643285 | 0.013042211532592773
1743766036.4644208 | 1743766036.4776533 | 0.01323246955871582
1743766036.4778152 | 1743766036.4906294 | 0.01281428337097168
1743766036.4907088 | 1743766036.5036874 | 0.012978553771972656
1743766036.5037935 | 1743766036.5169964 | 0.013202905654907227
1743766036.5170765 | 1743766036.5301735 | 0.013097047805786133
1743766036.530258 | 1743766036.543295 | 0.013036966323852539
1743766036.5433924 | 1743766036.5562534 | 0.012861013412475586
1743766036.5563297 | 1743766036.5691934 | 0.012863636016845703
1743766036.5692713 | 1743766036.5822604 | 0.012989044189453125
1743766036.5823479 | 1743766036.5952563 | 0.012908458709716797
1743766036.5953555 | 1743766036.6085205 | 0.013164997100830078
1743766036.6086068 | 1743766036.621669 | 0.013062238693237305
1743766036.621803 | 1743766036.6349955 | 0.013192415237426758
1743766036.6351175 | 1743766036.6485734 | 0.013455867767333984
1743766036.648712 | 1743766036.662127 | 0.013415098190307617
1743766036.6622374 | 1743766036.675519 | 0.013281583786010742
1743766036.675606 | 1743766036.6885662 | 0.012960195541381836
1743766036.688652 | 1743766036.7016892 | 0.01303720474243164
1743766036.7017746 | 1743766036.7149274 | 0.013152837753295898
1743766036.715011 | 1743766036.7281282 | 0.013117313385009766
1743766036.728218 | 1743766036.7417588 | 0.01354074478149414
1743766036.7418582 | 1743766036.755041 | 0.013182640075683594
1743766036.7551355 | 1743766036.7682288 | 0.013093233108520508
1743766036.7683158 | 1743766036.7814744 | 0.013158559799194336
1743766036.7815607 | 1743766036.7947252 | 0.013164520263671875
1743766036.7948155 | 1743766036.808136 | 0.013320446014404297
1743766036.808222 | 1743766036.82133 | 0.013108015060424805
1743766036.8214128 | 1743766036.8344288 | 0.013015985488891602
1743766036.8345165 | 1743766036.8474398 | 0.012923240661621094
1743766036.8475244 | 1743766036.8603997 | 0.01287531852722168
1743766036.8604844 | 1743766036.8735833 | 0.013098955154418945
1743766036.8737073 | 1743766036.88694 | 0.013232707977294922
1743766036.8870652 | 1743766036.9006505 | 0.013585329055786133
1743766036.9007452 | 1743766036.9138575 | 0.013112306594848633
1743766036.9139411 | 1743766036.9269977 | 0.013056516647338867
1743766036.9270823 | 1743766036.9404263 | 0.013344049453735352
1743766036.9405184 | 1743766036.9535103 | 0.012991905212402344
1743766036.9535997 | 1743766036.966664 | 0.013064384460449219
1743766036.966756 | 1743766036.979807 | 0.01305079460144043
1743766036.9798934 | 1743766036.9928482 | 0.0129547119140625
1743766036.992939 | 1743766037.0062037 | 0.013264656066894531
1743766037.0063221 | 1743766037.019282 | 0.012959957122802734
1743766037.0193691 | 1743766037.0326934 | 0.013324260711669922
1743766037.032779 | 1743766037.0459714 | 0.013192415237426758
1743766037.0461068 | 1743766037.0595198 | 0.013412952423095703
1743766037.059631 | 1743766037.0730212 | 0.013390064239501953
1743766037.0731168 | 1743766037.0861428 | 0.013025999069213867
1743766037.0862362 | 1743766037.0993671 | 0.013130903244018555
1743766037.0994627 | 1743766037.113186 | 0.013723134994506836
1743766037.1132767 | 1743766037.1270075 | 0.013730764389038086
1743766037.1270978 | 1743766037.1408355 | 0.013737678527832031
1743766037.1409652 | 1743766037.1546016 | 0.013636350631713867
1743766037.1546955 | 1743766037.1679022 | 0.013206720352172852
1743766037.1679864 | 1743766037.1810374 | 0.013051033020019531
1743766037.1811218 | 1743766037.1944666 | 0.013344764709472656
1743766037.194557 | 1743766037.2077677 | 0.013210773468017578
1743766037.2078578 | 1743766037.2210267 | 0.013168811798095703
1743766037.2211113 | 1743766037.2342105 | 0.013099193572998047
1743766037.2343225 | 1743766037.2474442 | 0.013121604919433594
1743766037.2475398 | 1743766037.2608697 | 0.01332998275756836
1743766037.2609577 | 1743766037.2742 | 0.013242244720458984
1743766037.2742996 | 1743766037.287484 | 0.013184309005737305
1743766037.2875946 | 1743766037.3008127 | 0.013218164443969727
1743766037.3009057 | 1743766037.313976 | 0.013070344924926758
1743766037.3140616 | 1743766037.3270264 | 0.012964725494384766
1743766037.327049 | 1743766037.3398795 | 0.012830495834350586
1743766037.3399956 | 1743766037.3530896 | 0.013093948364257812
1743766037.3531814 | 1743766037.366438 | 0.013256549835205078
1743766037.3665307 | 1743766037.3797088 | 0.013178110122680664
1743766037.3798153 | 1743766037.3930144 | 0.013199090957641602
1743766037.3931646 | 1743766037.4069145 | 0.013749837875366211
1743766037.407 | 1743766037.4199944 | 0.01299428939819336
1743766037.4200692 | 1743766037.4329045 | 0.012835264205932617
1743766037.4329686 | 1743766037.4456651 | 0.012696504592895508
1743766037.4457753 | 1743766037.4586651 | 0.012889862060546875
1743766037.4587302 | 1743766037.4716928 | 0.012962579727172852
1743766037.4717884 | 1743766037.4848056 | 0.01301717758178711
1743766037.4848998 | 1743766037.497998 | 0.01309823989868164
1743766037.498097 | 1743766037.5112517 | 0.013154745101928711
1743766037.5113578 | 1743766037.5244074 | 0.013049602508544922
1743766037.5245001 | 1743766037.5379167 | 0.013416528701782227
1743766037.5380125 | 1743766037.5510275 | 0.013015031814575195
1743766037.551119 | 1743766037.5641005 | 0.012981414794921875
1743766037.564195 | 1743766037.577476 | 0.013281106948852539
1743766037.5775778 | 1743766037.5909073 | 0.013329505920410156
1743766037.5909977 | 1743766037.6043284 | 0.013330698013305664
1743766037.6044538 | 1743766037.6178567 | 0.013402938842773438
1743766037.617954 | 1743766037.630879 | 0.012924909591674805
1743766037.6309757 | 1743766037.6440487 | 0.013072967529296875
1743766037.6441526 | 1743766037.657116 | 0.012963294982910156
1743766037.6572106 | 1743766037.6704426 | 0.013231992721557617
1743766037.670537 | 1743766037.6834958 | 0.012958765029907227
1743766037.6835885 | 1743766037.6965802 | 0.012991666793823242
1743766037.696671 | 1743766037.7096574 | 0.012986421585083008
1743766037.7097893 | 1743766037.7230413 | 0.013252019882202148
1743766037.7231534 | 1743766037.7364757 | 0.01332235336303711
1743766037.7365766 | 1743766037.7501073 | 0.013530731201171875
1743766037.7502043 | 1743766037.7631829 | 0.012978553771972656
1743766037.763335 | 1743766037.7765412 | 0.013206243515014648
1743766037.7766376 | 1743766037.789912 | 0.013274431228637695
1743766037.7900116 | 1743766037.8034046 | 0.013392925262451172
1743766037.803501 | 1743766037.8168395 | 0.013338565826416016
1743766037.8169355 | 1743766037.8300364 | 0.013100862503051758
1743766037.830131 | 1743766037.8431175 | 0.012986421585083008
1743766037.8432124 | 1743766037.856474 | 0.013261556625366211
1743766037.856606 | 1743766037.8702219 | 0.013615846633911133
1743766037.8703518 | 1743766037.883569 | 0.01321721076965332
1743766037.8836682 | 1743766037.896753 | 0.013084888458251953
1743766037.8968492 | 1743766037.910047 | 0.013197898864746094
1743766037.9101622 | 1743766037.923165 | 0.013002872467041016
1743766037.9232283 | 1743766037.9359367 | 0.012708425521850586
1743766037.93599 | 1743766037.9483306 | 0.012340545654296875
1743766037.9483669 | 1743766037.9605536 | 0.012186765670776367
1743766037.960587 | 1743766037.9727933 | 0.012206315994262695
1743766037.9728239 | 1743766037.9852905 | 0.012466669082641602
1743766037.9853194 | 1743766037.9977055 | 0.012386083602905273
1743766037.9977343 | 1743766038.009932 | 0.012197732925415039
1743766038.0099597 | 1743766038.0220773 | 0.012117624282836914
1743766038.0221095 | 1743766038.0344183 | 0.012308835983276367
1743766038.0344527 | 1743766038.0467155 | 0.012262821197509766
1743766038.0467582 | 1743766038.059248 | 0.012489795684814453
1743766038.0592816 | 1743766038.071789 | 0.012507438659667969
1743766038.071875 | 1743766038.085055 | 0.013180017471313477
1743766038.085138 | 1743766038.098253 | 0.01311492919921875
1743766038.0983436 | 1743766038.1115484 | 0.013204813003540039
1743766038.111657 | 1743766038.1250596 | 0.013402700424194336
1743766038.1251528 | 1743766038.1394515 | 0.014298677444458008
1743766038.1395836 | 1743766038.1528988 | 0.013315200805664062
1743766038.1529908 | 1743766038.1661773 | 0.013186454772949219
1743766038.166268 | 1743766038.1797163 | 0.013448238372802734
1743766038.1798096 | 1743766038.193389 | 0.013579368591308594
1743766038.1935153 | 1743766038.2070382 | 0.013522863388061523
1743766038.207151 | 1743766038.2203178 | 0.01316690444946289
1743766038.2204144 | 1743766038.2333817 | 0.012967348098754883
1743766038.2334747 | 1743766038.2468812 | 0.013406515121459961
1743766038.2469747 | 1743766038.2603464 | 0.013371706008911133
1743766038.260437 | 1743766038.2735467 | 0.013109683990478516
1743766038.2736378 | 1743766038.2867343 | 0.01309657096862793
1743766038.286826 | 1743766038.3000414 | 0.01321554183959961
1743766038.3001308 | 1743766038.3132064 | 0.013075590133666992
1743766038.313295 | 1743766038.3267653 | 0.01347041130065918
1743766038.3267906 | 1743766038.339081 | 0.012290477752685547
1743766038.3391087 | 1743766038.3513634 | 0.012254714965820312
1743766038.3513908 | 1743766038.363551 | 0.012160062789916992
1743766038.3635764 | 1743766038.3759003 | 0.012323856353759766
1743766038.3759248 | 1743766038.3882253 | 0.012300491333007812
1743766038.3882532 | 1743766038.4005747 | 0.01232147216796875
1743766038.4006004 | 1743766038.4129424 | 0.012341976165771484
1743766038.4129682 | 1743766038.425198 | 0.01222991943359375
1743766038.4252236 | 1743766038.4373775 | 0.012153863906860352
1743766038.4374096 | 1743766038.4501016 | 0.012691974639892578
1743766038.4501302 | 1743766038.4624052 | 0.012274980545043945
1743766038.4624352 | 1743766038.4746609 | 0.012225627899169922
1743766038.4746888 | 1743766038.4868057 | 0.01211690902709961
1743766038.4868321 | 1743766038.49931 | 0.012477874755859375
1743766038.499337 | 1743766038.5116682 | 0.012331247329711914
1743766038.5116935 | 1743766038.5239363 | 0.012242794036865234
1743766038.5239587 | 1743766038.5362148 | 0.012256145477294922
1743766038.5362418 | 1743766038.548515 | 0.012273311614990234
1743766038.5485373 | 1743766038.5605881 | 0.012050867080688477
1743766038.5606096 | 1743766038.573049 | 0.012439489364624023
1743766038.573073 | 1743766038.5855417 | 0.012468814849853516
1743766038.5855632 | 1743766038.5977898 | 0.012226581573486328
1743766038.5978115 | 1743766038.6099663 | 0.012154817581176758
1743766038.6099896 | 1743766038.6227493 | 0.012759685516357422
1743766038.622873 | 1743766038.636154 | 0.013280868530273438
1743766038.6362753 | 1743766038.6493871 | 0.01311182975769043
1743766038.6494932 | 1743766038.6635907 | 0.014097452163696289
1743766038.6636908 | 1743766038.6800137 | 0.016322851181030273
1743766038.6801095 | 1743766038.693269 | 0.013159513473510742
1743766038.6933632 | 1743766038.7069087 | 0.013545513153076172
1743766038.707 | 1743766038.720405 | 0.013405084609985352
1743766038.720491 | 1743766038.7334514 | 0.012960433959960938
1743766038.7335334 | 1743766038.7465966 | 0.013063192367553711
1743766038.7466824 | 1743766038.7599397 | 0.013257265090942383
1743766038.7600236 | 1743766038.773029 | 0.013005495071411133
1743766038.7731123 | 1743766038.786102 | 0.01298975944519043
1743766038.7861872 | 1743766038.7992163 | 0.013029098510742188
1743766038.7992985 | 1743766038.8125567 | 0.013258218765258789
1743766038.812674 | 1743766038.8257868 | 0.013112783432006836
1743766038.8258715 | 1743766038.8393698 | 0.013498306274414062
1743766038.83947 | 1743766038.8528357 | 0.013365745544433594
1743766038.8529212 | 1743766038.8676069 | 0.014685630798339844
1743766038.8676896 | 1743766038.880967 | 0.013277292251586914
1743766038.8810549 | 1743766038.8944309 | 0.013375997543334961
1743766038.89452 | 1743766038.9076297 | 0.013109683990478516
1743766038.9077175 | 1743766038.9209669 | 0.013249397277832031
1743766038.9210553 | 1743766038.9342809 | 0.013225555419921875
1743766038.9343688 | 1743766038.9474428 | 0.013073921203613281
1743766038.9474816 | 1743766038.9598181 | 0.012336492538452148
1743766038.9598517 | 1743766038.972607 | 0.012755155563354492
1743766038.9726396 | 1743766038.9849427 | 0.01230311393737793
1743766038.984973 | 1743766038.997289 | 0.012315988540649414
1743766038.9973316 | 1743766039.0095325 | 0.01220083236694336
1743766039.0095663 | 1743766039.0221035 | 0.012537240982055664
1743766039.0221395 | 1743766039.0344262 | 0.012286663055419922
1743766039.03446 | 1743766039.0467138 | 0.012253761291503906
1743766039.046755 | 1743766039.059346 | 0.012590885162353516
1743766039.05938 | 1743766039.0718684 | 0.012488365173339844
1743766039.0719008 | 1743766039.0843546 | 0.012453794479370117
1743766039.084469 | 1743766039.0976338 | 0.013164758682250977
1743766039.0977523 | 1743766039.111104 | 0.013351678848266602
1743766039.1111937 | 1743766039.1241121 | 0.012918472290039062
1743766039.124202 | 1743766039.13708 | 0.012877941131591797
1743766039.1371703 | 1743766039.1516652 | 0.014494895935058594
1743766039.1517591 | 1743766039.165426 | 0.013666868209838867
1743766039.1655164 | 1743766039.1788688 | 0.013352394104003906
1743766039.1789575 | 1743766039.1922169 | 0.013259410858154297
1743766039.1923063 | 1743766039.2055633 | 0.013257026672363281
1743766039.2056499 | 1743766039.218636 | 0.012986183166503906
1743766039.2187214 | 1743766039.2319405 | 0.013219118118286133
1743766039.232028 | 1743766039.2453158 | 0.013287782669067383
1743766039.245405 | 1743766039.2585566 | 0.01315164566040039
1743766039.258653 | 1743766039.2716758 | 0.013022899627685547
1743766039.2717638 | 1743766039.2851715 | 0.013407707214355469
1743766039.2852602 | 1743766039.2984147 | 0.01315450668334961
1743766039.2985005 | 1743766039.311644 | 0.013143539428710938
1743766039.3117344 | 1743766039.3247821 | 0.01304769515991211
1743766039.3248198 | 1743766039.337908 | 0.013088226318359375
1743766039.3380163 | 1743766039.3512526 | 0.013236284255981445
1743766039.351376 | 1743766039.3644896 | 0.01311349868774414
1743766039.3645816 | 1743766039.37783 | 0.013248443603515625
1743766039.3779154 | 1743766039.3910375 | 0.013122081756591797
1743766039.39116 | 1743766039.4041877 | 0.013027667999267578
1743766039.4042847 | 1743766039.4191184 | 0.014833688735961914
1743766039.4192338 | 1743766039.4324298 | 0.013195991516113281
1743766039.4324822 | 1743766039.4450822 | 0.012599945068359375
1743766039.445174 | 1743766039.4582055 | 0.013031482696533203
1743766039.4582455 | 1743766039.4707549 | 0.012509346008300781
1743766039.4707854 | 1743766039.4830759 | 0.012290477752685547
1743766039.4831042 | 1743766039.4956403 | 0.012536048889160156
1743766039.4956713 | 1743766039.5083697 | 0.01269841194152832
1743766039.5084949 | 1743766039.521613 | 0.01311802864074707
1743766039.5217724 | 1743766039.5346751 | 0.01290273666381836
1743766039.5347612 | 1743766039.5478425 | 0.01308131217956543
1743766039.5479295 | 1743766039.561574 | 0.01364445686340332
1743766039.5616581 | 1743766039.5750957 | 0.013437509536743164
1743766039.5751827 | 1743766039.5896056 | 0.014422893524169922
1743766039.589729 | 1743766039.6031122 | 0.013383150100708008
1743766039.603199 | 1743766039.616343 | 0.01314401626586914
1743766039.6164346 | 1743766039.6298833 | 0.013448715209960938
1743766039.6299715 | 1743766039.643403 | 0.013431549072265625
1743766039.643493 | 1743766039.657123 | 0.013630151748657227
1743766039.6572182 | 1743766039.67072 | 0.013501882553100586
1743766039.6708472 | 1743766039.6845381 | 0.013690948486328125
1743766039.6846297 | 1743766039.6977532 | 0.013123512268066406
1743766039.697875 | 1743766039.7109227 | 0.01304769515991211
1743766039.7110336 | 1743766039.7247703 | 0.013736724853515625
1743766039.7249014 | 1743766039.7382574 | 0.01335597038269043
1743766039.7383597 | 1743766039.7514024 | 0.013042688369750977
1743766039.7514932 | 1743766039.7645802 | 0.013087034225463867
1743766039.7646663 | 1743766039.7778742 | 0.01320791244506836
1743766039.7779744 | 1743766039.79101 | 0.01303553581237793
1743766039.791097 | 1743766039.8037343 | 0.01263737678527832
1743766039.8037927 | 1743766039.8164904 | 0.012697696685791016
1743766039.816539 | 1743766039.8293154 | 0.012776374816894531
1743766039.8294082 | 1743766039.8768013 | 0.047393083572387695
1743766039.8768995 | 1743766039.8987932 | 0.021893739700317383
1743766039.8988872 | 1743766039.9127197 | 0.013832569122314453
1743766039.912815 | 1743766039.926014 | 0.0131988525390625
1743766039.9261131 | 1743766039.9391856 | 0.013072490692138672
1743766039.9392724 | 1743766039.9523342 | 0.013061761856079102
1743766039.952418 | 1743766039.9654012 | 0.012983083724975586
1743766039.9654982 | 1743766039.9785182 | 0.013020038604736328
1743766039.9786227 | 1743766039.9918792 | 0.013256549835205078
1743766039.991963 | 1743766040.0051088 | 0.013145923614501953
1743766040.005224 | 1743766040.0182226 | 0.012998580932617188
1743766040.018331 | 1743766040.031453 | 0.013121843338012695
1743766040.0315475 | 1743766040.0447762 | 0.013228654861450195
1743766040.0448678 | 1743766040.0579994 | 0.01313161849975586
1743766040.0581112 | 1743766040.0713816 | 0.013270378112792969
1743766040.0714712 | 1743766040.084481 | 0.013009786605834961
1743766040.084567 | 1743766040.0974736 | 0.012906551361083984
1743766040.097561 | 1743766040.1110146 | 0.01345372200012207
1743766040.1111028 | 1743766040.124446 | 0.013343095779418945
1743766040.1245341 | 1743766040.1375978 | 0.013063669204711914
1743766040.1377332 | 1743766040.1508992 | 0.013165950775146484
1743766040.1509929 | 1743766040.1653726 | 0.014379739761352539
1743766040.1654136 | 1743766040.1786513 | 0.013237714767456055
1743766040.178686 | 1743766040.1913667 | 0.012680768966674805
1743766040.1913981 | 1743766040.2045822 | 0.013184070587158203
1743766040.2046113 | 1743766040.2174838 | 0.012872457504272461
1743766040.2175763 | 1743766040.2305646 | 0.01298832893371582
1743766040.2306547 | 1743766040.2436583 | 0.01300358772277832
1743766040.2437446 | 1743766040.257179 | 0.013434410095214844
1743766040.257268 | 1743766040.270547 | 0.013278961181640625
1743766040.2706344 | 1743766040.2839944 | 0.013360023498535156
1743766040.284092 | 1743766040.2974548 | 0.013362884521484375
1743766040.2975404 | 1743766040.3109977 | 0.013457298278808594
1743766040.3110874 | 1743766040.3238597 | 0.012772321701049805
1743766040.323884 | 1743766040.3363938 | 0.012509822845458984
1743766040.3364184 | 1743766040.3487396 | 0.012321233749389648
1743766040.3487637 | 1743766040.3608782 | 0.012114524841308594
1743766040.360901 | 1743766040.3732498 | 0.012348651885986328
1743766040.3732736 | 1743766040.3856444 | 0.012370824813842773
1743766040.3856657 | 1743766040.3979492 | 0.012283563613891602
1743766040.3979719 | 1743766040.4100504 | 0.012078523635864258
1743766040.4100735 | 1743766040.4225512 | 0.012477636337280273
1743766040.4225729 | 1743766040.4349356 | 0.01236271858215332
1743766040.4349594 | 1743766040.4472759 | 0.012316465377807617
1743766040.4473011 | 1743766040.4597042 | 0.012403011322021484
1743766040.4597328 | 1743766040.4720197 | 0.012286901473999023
1743766040.4720435 | 1743766040.4841964 | 0.012152910232543945
1743766040.4842186 | 1743766040.4966557 | 0.012437105178833008
1743766040.4966946 | 1743766040.5091734 | 0.012478828430175781
1743766040.50921 | 1743766040.5216556 | 0.012445449829101562
1743766040.5216856 | 1743766040.5339386 | 0.012253046035766602
1743766040.5339656 | 1743766040.546233 | 0.012267351150512695
1743766040.546266 | 1743766040.5586154 | 0.012349367141723633
1743766040.5586414 | 1743766040.5710084 | 0.012367010116577148
1743766040.5710623 | 1743766040.5835044 | 0.01244211196899414
1743766040.583543 | 1743766040.5961478 | 0.012604713439941406
1743766040.5961814 | 1743766040.608463 | 0.012281656265258789
1743766040.6085002 | 1743766040.6209192 | 0.012418985366821289
1743766040.6209645 | 1743766040.633443 | 0.01247859001159668
1743766040.633478 | 1743766040.6461663 | 0.012688398361206055
1743766040.6462064 | 1743766040.6586428 | 0.012436389923095703
1743766040.658673 | 1743766040.6710193 | 0.012346267700195312
1743766040.6710494 | 1743766040.6834817 | 0.012432336807250977
1743766040.6835132 | 1743766040.6959016 | 0.012388467788696289
1743766040.695932 | 1743766040.7083695 | 0.012437582015991211
1743766040.7083962 | 1743766040.7208464 | 0.012450218200683594
1743766040.72088 | 1743766040.733081 | 0.012201070785522461
1743766040.7331269 | 1743766040.7454321 | 0.012305259704589844
1743766040.74546 | 1743766040.7578819 | 0.012421846389770508
1743766040.7579079 | 1743766040.7702453 | 0.012337446212768555
1743766040.7702718 | 1743766040.782574 | 0.012302160263061523
1743766040.7826 | 1743766040.7948737 | 0.012273788452148438
1743766040.7949038 | 1743766040.8075094 | 0.012605667114257812
1743766040.8075361 | 1743766040.819863 | 0.012326955795288086
1743766040.81989 | 1743766040.8322403 | 0.012350320816040039
1743766040.8322675 | 1743766040.8448424 | 0.012574911117553711
1743766040.84487 | 1743766040.8571117 | 0.012241601943969727
1743766040.8571398 | 1743766040.8693583 | 0.012218475341796875
1743766040.8693855 | 1743766040.8818674 | 0.012481927871704102
1743766040.8818986 | 1743766040.894247 | 0.012348413467407227
1743766040.8942752 | 1743766040.9065976 | 0.012322425842285156
1743766040.9066236 | 1743766040.9187906 | 0.012166976928710938
1743766040.9188175 | 1743766040.9315765 | 0.012758970260620117
1743766040.9316607 | 1743766040.9447095 | 0.013048887252807617
1743766040.9448028 | 1743766040.9582593 | 0.013456583023071289
1743766040.9583476 | 1743766040.9714856 | 0.013138055801391602
1743766040.9715905 | 1743766040.9845612 | 0.012970685958862305
1743766040.984653 | 1743766040.9977653 | 0.013112306594848633
1743766040.9978573 | 1743766041.0110276 | 0.013170242309570312
1743766041.0111167 | 1743766041.0242274 | 0.013110637664794922
1743766041.0243156 | 1743766041.0372348 | 0.012919187545776367
1743766041.0373306 | 1743766041.0504076 | 0.013077020645141602
1743766041.0505083 | 1743766041.0639675 | 0.013459205627441406
1743766041.0640585 | 1743766041.0771136 | 0.013055086135864258
1743766041.0772145 | 1743766041.0905597 | 0.01334524154663086
1743766041.0906513 | 1743766041.1038024 | 0.013151168823242188
1743766041.1038978 | 1743766041.1170785 | 0.013180732727050781
1743766041.1171794 | 1743766041.1308935 | 0.013714075088500977
1743766041.1313407 | 1743766041.144522 | 0.013181209564208984
1743766041.14463 | 1743766041.1580527 | 0.013422727584838867
1743766041.1581488 | 1743766041.1717887 | 0.01363992691040039
1743766041.1718745 | 1743766041.185574 | 0.013699531555175781
1743766041.1856618 | 1743766041.19917 | 0.013508319854736328
1743766041.1992705 | 1743766041.2128234 | 0.01355290412902832
1743766041.2129087 | 1743766041.2263143 | 0.013405561447143555
1743766041.2264223 | 1743766041.2396655 | 0.01324319839477539
1743766041.2397573 | 1743766041.2529454 | 0.01318812370300293
1743766041.2530286 | 1743766041.2661598 | 0.013131141662597656
1743766041.2662425 | 1743766041.2792675 | 0.013025045394897461
1743766041.2793632 | 1743766041.2926738 | 0.013310670852661133
1743766041.2927806 | 1743766041.3062003 | 0.013419628143310547
1743766041.30629 | 1743766041.3194435 | 0.013153553009033203
1743766041.3195312 | 1743766041.3324807 | 0.012949466705322266
1743766041.3325164 | 1743766041.345218 | 0.01270151138305664
1743766041.3453095 | 1743766041.358477 | 0.013167619705200195
1743766041.3585634 | 1743766041.3720076 | 0.013444185256958008
1743766041.3720946 | 1743766041.3852427 | 0.013148069381713867
1743766041.3853283 | 1743766041.398227 | 0.012898683547973633
1743766041.3983111 | 1743766041.41117 | 0.012858867645263672
1743766041.4112551 | 1743766041.4244606 | 0.013205528259277344
1743766041.4245775 | 1743766041.4380314 | 0.013453960418701172
1743766041.4381535 | 1743766041.4516158 | 0.013462305068969727
1743766041.4517362 | 1743766041.4650445 | 0.013308286666870117
1743766041.4651444 | 1743766041.4783108 | 0.013166427612304688
1743766041.4784036 | 1743766041.4915295 | 0.013125896453857422
1743766041.4916193 | 1743766041.5046282 | 0.013008832931518555
1743766041.5047245 | 1743766041.5183065 | 0.013581991195678711
1743766041.5184336 | 1743766041.5315402 | 0.013106584548950195
1743766041.5316482 | 1743766041.5445735 | 0.012925386428833008
1743766041.5446892 | 1743766041.5582893 | 0.01360011100769043
1743766041.5583787 | 1743766041.5713525 | 0.012973785400390625
1743766041.5714407 | 1743766041.5846105 | 0.01316976547241211
1743766041.5846992 | 1743766041.5979302 | 0.013231039047241211
1743766041.5980194 | 1743766041.6111262 | 0.013106822967529297
1743766041.6112106 | 1743766041.6244392 | 0.013228654861450195
1743766041.624526 | 1743766041.6378078 | 0.013281822204589844
1743766041.6378975 | 1743766041.6510055 | 0.013108015060424805
1743766041.6510913 | 1743766041.6640286 | 0.012937307357788086
1743766041.6641276 | 1743766041.6771934 | 0.013065814971923828
1743766041.677276 | 1743766041.6903489 | 0.013072967529296875
1743766041.690432 | 1743766041.703515 | 0.01308298110961914
1743766041.7036035 | 1743766041.7167587 | 0.013155221939086914
1743766041.7168543 | 1743766041.7300372 | 0.013182878494262695
1743766041.730123 | 1743766041.7431865 | 0.013063430786132812
1743766041.7432709 | 1743766041.756243 | 0.012972116470336914
1743766041.756328 | 1743766041.769271 | 0.012942790985107422
1743766041.769355 | 1743766041.782474 | 0.013118982315063477
1743766041.782561 | 1743766041.7953544 | 0.012793302536010742
1743766041.7954402 | 1743766041.8082674 | 0.012827157974243164
1743766041.808351 | 1743766041.8214905 | 0.013139486312866211
1743766041.8215759 | 1743766041.8345194 | 0.012943506240844727
1743766041.8346028 | 1743766041.847759 | 0.01315617561340332
1743766041.8478436 | 1743766041.861076 | 0.01323246955871582
1743766041.861161 | 1743766041.8744295 | 0.013268470764160156
1743766041.8745403 | 1743766041.8876808 | 0.013140439987182617
1743766041.887765 | 1743766041.9007576 | 0.012992620468139648
1743766041.900863 | 1743766041.9138422 | 0.012979269027709961
1743766041.9139304 | 1743766041.92689 | 0.012959480285644531
1743766041.9269776 | 1743766041.9399312 | 0.012953519821166992
1743766041.9400363 | 1743766041.9534981 | 0.013461828231811523
1743766041.953581 | 1743766041.966632 | 0.01305079460144043
1743766041.966729 | 1743766041.9799607 | 0.013231754302978516
1743766041.9800503 | 1743766041.9933457 | 0.013295412063598633
1743766041.993429 | 1743766042.006343 | 0.012913942337036133
1743766042.0064273 | 1743766042.0194616 | 0.013034343719482422
1743766042.019546 | 1743766042.032485 | 0.012938976287841797
1743766042.0325763 | 1743766042.0455806 | 0.013004302978515625
1743766042.0457487 | 1743766042.058863 | 0.013114213943481445
1743766042.0589616 | 1743766042.071912 | 0.012950420379638672
1743766042.0720057 | 1743766042.085056 | 0.013050317764282227
1743766042.0851471 | 1743766042.0981953 | 0.013048171997070312
1743766042.0982895 | 1743766042.1115015 | 0.013211965560913086
1743766042.1115847 | 1743766042.1246834 | 0.013098716735839844
1743766042.1247706 | 1743766042.1378236 | 0.013052940368652344
1743766042.137914 | 1743766042.16238 | 0.02446603775024414
1743766042.16304 | 1743766042.1768246 | 0.013784646987915039
1743766042.176929 | 1743766042.1909401 | 0.014011144638061523
1743766042.191029 | 1743766042.2044823 | 0.013453245162963867
1743766042.2045736 | 1743766042.2178216 | 0.013247966766357422
1743766042.2179105 | 1743766042.2311249 | 0.013214349746704102
1743766042.2312098 | 1743766042.2441099 | 0.012900114059448242
1743766042.2441964 | 1743766042.2577364 | 0.013540029525756836
1743766042.257843 | 1743766042.2712007 | 0.01335763931274414
1743766042.2712908 | 1743766042.2843292 | 0.013038396835327148
1743766042.2844157 | 1743766042.2977517 | 0.013335943222045898
1743766042.2978475 | 1743766042.3110974 | 0.013249874114990234
1743766042.3111823 | 1743766042.323911 | 0.012728691101074219
1743766042.3239362 | 1743766042.3366117 | 0.01267552375793457
1743766042.336723 | 1743766042.3500383 | 0.013315200805664062
1743766042.350138 | 1743766042.3631868 | 0.013048887252807617
1743766042.3632853 | 1743766042.3769562 | 0.013670921325683594
1743766042.3770545 | 1743766042.3903017 | 0.013247251510620117
1743766042.3903916 | 1743766042.403562 | 0.013170480728149414
1743766042.4036589 | 1743766042.416586 | 0.012927055358886719
1743766042.416679 | 1743766042.4297516 | 0.013072729110717773
1743766042.429843 | 1743766042.4433866 | 0.01354360580444336
1743766042.4434717 | 1743766042.4564824 | 0.013010740280151367
1743766042.4565842 | 1743766042.4694567 | 0.012872457504272461
1743766042.4695494 | 1743766042.4824672 | 0.012917757034301758
1743766042.4825547 | 1743766042.4955015 | 0.012946844100952148
1743766042.495599 | 1743766042.5086532 | 0.013054132461547852
1743766042.5087495 | 1743766042.5219624 | 0.013212919235229492
1743766042.522077 | 1743766042.535346 | 0.01326894760131836
1743766042.5354302 | 1743766042.5484831 | 0.013052940368652344
1743766042.548572 | 1743766042.5616164 | 0.013044357299804688
1743766042.5617318 | 1743766042.574869 | 0.013137102127075195
1743766042.5749593 | 1743766042.587948 | 0.012988805770874023
1743766042.588035 | 1743766042.6009443 | 0.012909173965454102
1743766042.6010292 | 1743766042.6139717 | 0.01294255256652832
1743766042.6140652 | 1743766042.6271331 | 0.013067960739135742
1743766042.6272223 | 1743766042.64006 | 0.012837648391723633
1743766042.6401448 | 1743766042.6532798 | 0.013134956359863281
1743766042.6533766 | 1743766042.6666386 | 0.013262033462524414
1743766042.666726 | 1743766042.679723 | 0.012996912002563477
1743766042.679838 | 1743766042.692879 | 0.013041019439697266
1743766042.6929677 | 1743766042.7060652 | 0.013097524642944336
1743766042.706151 | 1743766042.7192829 | 0.013131856918334961
1743766042.7193677 | 1743766042.732238 | 0.012870311737060547
1743766042.7323267 | 1743766042.7453253 | 0.012998580932617188
1743766042.7454326 | 1743766042.758563 | 0.013130426406860352
1743766042.758647 | 1743766042.771697 | 0.013050079345703125
1743766042.7718072 | 1743766042.7850084 | 0.013201236724853516
1743766042.7851055 | 1743766042.798393 | 0.013287544250488281
1743766042.7984834 | 1743766042.8116198 | 0.01313638687133789
1743766042.8117342 | 1743766042.824633 | 0.012898683547973633
1743766042.8247197 | 1743766042.8385873 | 0.013867616653442383
1743766042.8386736 | 1743766042.8518567 | 0.013183116912841797
1743766042.851947 | 1743766042.864782 | 0.012835025787353516
1743766042.8648703 | 1743766042.877922 | 0.013051748275756836
1743766042.8780093 | 1743766042.891072 | 0.013062715530395508
1743766042.8911605 | 1743766042.904206 | 0.013045549392700195
1743766042.9043224 | 1743766042.9520097 | 0.04768729209899902
1743766042.9520545 | 1743766042.9706428 | 0.01858830451965332
1743766042.9706748 | 1743766042.9829776 | 0.012302875518798828
1743766042.9830067 | 1743766042.9951766 | 0.012169837951660156
1743766042.995203 | 1743766043.007604 | 0.01240086555480957
1743766043.007635 | 1743766043.0198915 | 0.012256383895874023
1743766043.0199363 | 1743766043.0320923 | 0.012156009674072266
1743766043.0321283 | 1743766043.0443637 | 0.012235403060913086
1743766043.0444033 | 1743766043.0567706 | 0.01236724853515625
1743766043.0568035 | 1743766043.0691307 | 0.012327194213867188
1743766043.0691602 | 1743766043.081874 | 0.01271367073059082
1743766043.0819016 | 1743766043.0943131 | 0.01241159439086914
1743766043.094344 | 1743766043.1064994 | 0.012155532836914062
1743766043.1065347 | 1743766043.1187837 | 0.012248992919921875
1743766043.1188126 | 1743766043.13107 | 0.01225733757019043
1743766043.1311028 | 1743766043.143325 | 0.0122222900390625
1743766043.143359 | 1743766043.155587 | 0.012228012084960938
1743766043.1556182 | 1743766043.1678135 | 0.012195348739624023
1743766043.1678421 | 1743766043.1806297 | 0.012787580490112305
1743766043.1806622 | 1743766043.1937418 | 0.013079643249511719
1743766043.193775 | 1743766043.2079554 | 0.014180421829223633
1743766043.208072 | 1743766043.2220078 | 0.01393580436706543
1743766043.2221265 | 1743766043.2354712 | 0.013344764709472656
1743766043.2355592 | 1743766043.2489777 | 0.013418436050415039
1743766043.2490633 | 1743766043.2621439 | 0.013080596923828125
1743766043.2622309 | 1743766043.2751622 | 0.012931346893310547
1743766043.2752562 | 1743766043.2881727 | 0.01291656494140625
1743766043.2882576 | 1743766043.3014238 | 0.013166189193725586
1743766043.3015103 | 1743766043.3146777 | 0.013167381286621094
1743766043.3147678 | 1743766043.3280747 | 0.013306856155395508

first send : 1743766030.1630855, last receive : 1743766043.3280747
total time : 13.164989233016968
average time per request : 0.013164989233016967
qps : 75.95890946196684

min = 0.0121
max = 0.0477
avg = 0.0131
std = 0.0019
